8644 state 22
185 us 1
7491 state 96
801 38
731 state 35
1920 27
28 90
801 38
802 22
803 23
804 89
805 90
806 12
807 14
808 15
809 18
816 67
817 23
818 22
819 12
820 22
731 state 30
732 state 23
733 state 12
734 state 10
735 state 19
736 state 3
737 state 90
738 state 27
739 state 2
740 state 89
741 state 12
742 state 16
743 state 20
810 29
811 29
812 1
813 28
814 12
815 89
744 state 22
745 state 21
746 state 29
747 state 30
748 state 35
749 state 23
750 state 35
818 22
819 12
820 22
731 state 30
732 state 23
733 state 12
734 state 10
735 state 19
736 state 3
737 state 90
738 state 27
739 state 2
740 state 89
741 state 12
742 state 16
743 state 20
810 29
811 29
812 1
813 28
814 12
815 89
744 state 22
745 state 21
746 state 29
747 state 30
748 state 35
749 state 23
750 state 35
818 22
819 12
820 22
731 state 30
732 state 23
733 state 12
734 state 10
735 state 19
736 state 3
737 state 90
738 state 27
739 state 2
740 state 89
741 state 12
742 state 16
743 state 20
810 29
811 29
812 1
813 28
814 12
815 89
744 state 22
745 state 21
746 state 29
747 state 30
748 state 35
749 state 23
750 state 35
818 22
819 12
820 22
731 state 30
732 state 23
733 state 12
734 state 10
735 state 19
736 state 3
737 state 90
738 state 27
739 state 2
740 state 89
741 state 12
742 state 16
743 state 20
810 29
811 29
812 1
813 28
814 12
815 89
744 state 22
745 state 21
746 state 29
747 state 30
748 state 35
749 state 23
750 state 35